----------------------------------------------------------
| ro  |	Model Si(N)	|	Polling System	| error	|
----------------------------------------------------------
| 0,1 |	0,8690329	|	-21,0000000	| -104,138	|
| 0,2 |	0,9314464	|	-10,0000000	| -109,314	|
| 0,3 |	1,0013124	|	-6,3333333	| -115,810	|
| 0,4 |	1,0784492	|	-4,5000000	| -123,966	|
| 0,5 |	1,1622629	|	-3,4000000	| -134,184	|
| 0,6 |	1,2516964	|	-2,6666667	| -146,939	|
| 0,7 |	1,3452896	|	-2,1428571	| -162,780	|
| 0,8 |	1,4413395	|	-1,7500000	| -182,362	|
| 0,9 |	1,5381081	|	-1,4444444	| -206,484	|
----------------------------------------------------------
