----------------------------------------------------------
| ro  |	Model Si(N)	|	Polling System	| error	|
----------------------------------------------------------
| 0,1 |	114,8573174	|	430,0945377	| 73,295	|
| 0,2 |	123,1003152	|	215,1779155	| 42,791	|
| 0,3 |	126,5233030	|	143,5430089	| 11,857	|
| 0,4 |	128,3974777	|	107,7285075	| 19,186	|
| 0,5 |	129,5800554	|	86,2421471	| 50,251	|
| 0,6 |	130,3941956	|	71,9198378	| 81,305	|
| 0,7 |	130,9888574	|	61,6912540	| 112,330	|
| 0,8 |	131,4422387	|	54,0212321	| 143,316	|
| 0,9 |	131,7993335	|	48,0569024	| 174,257	|
----------------------------------------------------------
